#mass Nwarm Nmeas Nskip batch_size phi_av_mean phi_av_std tau_phi1 dtau_phi1 sucept_mean sucept_std tau_suscept1 dtau_suscept1
-0.565 1000 10000 1 50 0.006012525409460068 0.04774469245768076 569.8900756835938 40.477761593680626 227.51669311523438 0.035771745500645095 319.9050598144531 26.85061241018931
-0.555 1000 10000 1 50 0.0009645059471949935 0.036849209479351164 339.4667663574219 28.174240284360852 141.10580444335938 0.025508943081039542 162.6768798828125 11.446009267413428
-0.55 1000 10000 1 50 0.004593126475811005 0.03547062319585914 314.5419006347656 26.480738437018424 124.98274993896484 0.02414520280836301 145.7480010986328 9.787947879935302
-0.575 1000 10000 1 50 0.0009562983177602291 0.05509822382359085 758.955078125 45.10747445473339 387.6850280761719 0.04223943434301724 446.0433349609375 34.65286905986462
-0.545 1000 10000 1 50 0.002190364757552743 0.031054769821777635 241.10015869140625 20.049328376612035 102.30685424804688 0.021583367674216213 116.46066284179688 7.10344621625327
-0.54 1000 10000 1 50 -3.662243761937134e-05 0.02973139906810886 220.98947143554688 17.706876004789763 86.01959991455078 0.019549365880820548 95.54462432861328 5.350194409826624
-0.56 1000 10000 1 50 -0.002153475070372224 0.044177510823882 487.9140625 36.83892534991978 194.0900115966797 0.031321737531289716 245.2633056640625 20.53469652824417
-0.57 1000 10000 1 50 -0.010444052517414093 0.048050093930663215 577.2040405273438 40.75881150700156 260.251220703125 0.036773233687968795 338.0683898925781 28.08095617516664
-0.58 1000 10000 1 50 0.005033568479120731 0.0574919786831754 826.3335571289062 45.20982237764426 523.6946411132812 0.04710236433554858 554.6593017578125 39.868876603647074
